+251975745252
+251962203030
+251901006858
+251960555777
+251939117538
+251911231859
+251966230000
+251974334455
+251979793132
+251911222989
+251912838383
+251978197800
+251929446238
+251903475477
+251912627881
+251116620922
+251903879999
+251903212272
+251116818181
+251115157600
+251913116832
+251963944444
+251912639280
+251116818181
+251991730388
+251911748675
+251948368887
+251911318754
+251951925757
+251910102295
+251929327238
+251973877777
+251921328507
+251909297728
+251902884488
+251927349509
+251900813491
+251985828282
+251908778888
+251930099356
+251929930200
+251945111111
+251992014292
+251904111777
+251911208910
+251963639963
+251960324444
+251911201723
+251919191915
+251911522660
+251936556552
+251911910671
+251116635920
+251941556453
+251911072632
+251913592764
+251911181937
+251986347372
+251904003377
+251116620917
+251913706560
+251966334444
+251116507433
+251911721011
+251912608384
+251920929292
+251930071400
+251992838383
+251911873378
+251942360119
+251993810038
+251944063338
+251941434004
+251911628244
+251962194646
+251923470969
+251960020155
+251985151530
+251965445532
+251911602639
+251116818181
+251946528463
+251917707070
+251116393939
+251900742087
+251911600370
+251913868686
+251911004079
+251946682932
+251937671214
+251904139838
+251991535301
+251939390000
+251911195532
+251953037583
+251911221398
+251909789117
+251116182595
+251929014062
+251917890411
+251980676695
+251986303030
+251991040230
